1 -23 -18 0
7 10 24 0
13 19 -23 0
4 12 23 0
10 15 23 0
10 12 -13 0
13 15 21 0
6 16 19 0
16 -23 -18 0
2 -16 -15 0
25 -18 -9 0
12 17 -5 0
7 23 25 0
-24 -20 -16 0
1 13 -7 0
14 23 -7 0
8 -22 -12 0
11 14 18 0
7 25 -1 0
-13 -10 -8 0
13 -24 -17 0
21 -18 -12 0
14 22 -12 0
5 20 -11 0
2 -20 -5 0
7 -12 -11 0
-25 -8 -7 0
6 20 -24 0
-23 -8 -4 0
3 14 -6 0
14 21 -25 0
24 -11 -7 0
19 -21 -11 0
3 17 -21 0
8 15 -1 0
18 -13 -5 0
6 20 -3 0
2 14 -8 0
8 -15 -13 0
23 -18 -14 0
20 23 -11 0
14 -19 -8 0
24 -18 -8 0
2 7 14 0
15 17 23 0
8 25 -14 0
4 13 -25 0
-24 -15 -13 0
19 -17 -15 0
4 -11 -10 0
5 15 -11 0
5 20 -24 0
18 -24 -10 0
8 -23 -14 0
5 23 -16 0
-25 -24 -21 0
12 19 -6 0
-12 -5 -1 0
8 18 -21 0
-14 -10 -7 0
14 -22 -2 0
-11 -7 -2 0
8 -20 -9 0
9 14 -21 0
-21 -15 -3 0
-24 -9 -6 0
11 -25 -17 0
10 24 -20 0
1 17 -24 0
10 11 16 0
4 5 -24 0
25 -20 -14 0
2 19 -6 0
13 14 -7 0
1 7 19 0
24 -12 -6 0
18 22 -12 0
1 18 -3 0
6 -8 -3 0
6 -9 -2 0
14 16 -10 0
10 17 21 0
18 -10 -7 0
7 10 17 0
22 25 -18 0
22 -9 -1 0
20 -17 -10 0
7 -12 -3 0
-25 -17 -11 0
14 -7 -2 0
15 -23 -9 0
23 -13 -9 0
2 5 21 0
15 20 -11 0
22 -4 -1 0
16 18 -8 0
8 20 -23 0
9 24 -5 0
7 -24 -22 0
11 20 -3 0
21 -14 -9 0
4 -21 -16 0
16 17 -21 0
8 10 -15 0
-23 -7 -6 0
-18 -16 -7 0
-23 -6 -1 0
10 -12 -6 0
1 -24 -14 0
15 -5 -4 0
9 18 25 0
6 17 -21 0
1 22 -7 0
20 -14 -4 0
14 19 22 0
5 11 12 0
-19 -13 -1 0
9 -17 -15 0
5 14 16 0
24 -22 -10 0





